0, 00, 10, 20, 30, 40, 01, 41, 02, 42, 03, 43, 40, 41, 42, 43, 44
1, 20, 21, 22, 23, 24
2, 00, 10, 20, 30, 40, 41, 02, 12, 22, 32, 42, 03, 04, 14, 24, 34, 44
3, 00, 10, 20, 30, 40, 41, 02, 12, 22, 32, 42, 43, 04, 14, 24, 34, 44
4, 00, 40, 01, 41, 02, 12, 22, 32, 42, 43, 44
5, 00, 10, 20, 30, 40, 01, 02, 12, 22, 32, 42, 43, 04, 14, 24, 34, 44
6, 00, 10, 20, 30, 40, 01, 02, 12, 22, 32, 42, 03, 43, 04, 14, 24, 34, 44
7, 00, 10, 20, 30, 40, 41, 42, 43, 44
8, 00, 10, 20, 30, 40, 01, 41, 02, 12, 22, 32, 42, 03, 43, 04, 14, 24, 34, 44
9, 00, 10, 20, 30, 40, 01, 41, 02, 12, 22, 32, 42, 43, 44
